\begin{tabular}{lrrrrrrrrr}
 & avg_degree & avg_in_degree & avg_out_degree & avg_betweenness_centrality & avg_clustering_coeff & betweenness_centrality & best_pagerank & density & popular \\
avg_degree & 1.000000 & -0.012700 & 0.803300 & 0.390100 & -0.104000 & 0.488200 & -0.216000 & 0.279900 & 0.593600 \\
avg_in_degree & -0.012700 & 1.000000 & -0.471600 & 0.072700 & -0.885800 & -0.312200 & 0.339300 & 0.296300 & -0.734300 \\
avg_out_degree & 0.803300 & -0.471600 & 1.000000 & 0.119500 & 0.487700 & 0.494300 & -0.480500 & -0.084500 & 0.853500 \\
avg_betweenness_centrality & 0.390100 & 0.072700 & 0.119500 & 1.000000 & -0.378100 & 0.870800 & 0.736500 & 0.965000 & -0.109300 \\
avg_clustering_coeff & -0.104000 & -0.885800 & 0.487700 & -0.378100 & 1.000000 & 0.085700 & -0.554200 & -0.569400 & 0.650800 \\
betweenness_centrality & 0.488200 & -0.312200 & 0.494300 & 0.870800 & 0.085700 & 1.000000 & 0.466500 & 0.725700 & 0.270300 \\
best_pagerank & -0.216000 & 0.339300 & -0.480500 & 0.736500 & -0.554200 & 0.466500 & 1.000000 & 0.802400 & -0.596600 \\
density & 0.279900 & 0.296300 & -0.084500 & 0.965000 & -0.569400 & 0.725700 & 0.802400 & 1.000000 & -0.343500 \\
popular & 0.593600 & -0.734300 & 0.853500 & -0.109300 & 0.650800 & 0.270300 & -0.596600 & -0.343500 & 1.000000 \\
\end{tabular}
